recess_depth = 0:

    s11_db =

    -9.3959  -10.4399  -11.4954  -12.1192  -12.0629  -11.5553  -10.9233  -10.4018  -10.1535  -10.2016  -10.3299

    vswr =

    2.0257   1.8596   1.7256   1.6587   1.6644   1.7188   1.7946   1.8651   1.9014   1.8942   1.8754

    max_vswr =  2.0257
    rhcp_gain =

    6.1150   6.1150   6.1150   6.1150   6.1150   6.1150   6.1150   6.1150
    6.2708   6.2201   6.0885   5.9617   5.9268   6.0011   6.1293   6.2381
    6.3893   6.3017   6.0346   5.7723   5.7086   5.8683   6.1142   6.3181
    6.4679   6.3577   5.9527   5.5505   5.4632   5.7183   6.0683   6.3526
    6.5041   6.3861   5.8416   5.3003   5.1939   5.5523   5.9893   6.3393
    6.4967   6.3850   5.7011   5.0262   4.9046   5.3711   5.8755   6.2775
    6.4453   6.3529   5.5318   4.7331   4.6000   5.1753   5.7254   6.1673
    6.3513   6.2887   5.3358   4.4262   4.2858   4.9653   5.5391   6.0108
    6.2173   6.1915   5.1162   4.1104   3.9681   4.7413   5.3187   5.8114
    6.0474   6.0609   4.8768   3.7909   3.6529   4.5038   5.0680   5.5738
    5.8461   5.8967   4.6215   3.4722   3.3456   4.2532   4.7922   5.3041
    5.6182   5.6994   4.3541   3.1583   3.0500   3.9903   4.4980   5.0086
    5.3684   5.4699   4.0778   2.8529   2.7685   3.7166   4.1919   4.6941
    5.1006   5.2099   3.7954   2.5590   2.5020   3.4341   3.8802   4.3671
    4.8185   4.9217   3.5099   2.2788   2.2504   3.1453   3.5684   4.0337
    4.5255   4.6084   3.2244   2.0144   2.0130   2.8535   3.2609   3.6995
    4.2253   4.2736   2.9432   1.7668   1.7895   2.5621   2.9615   3.3693
    3.9216   3.9219   2.6707   1.5370   1.5800   2.2748   2.6733   3.0472
    3.6188   3.5584   2.4119   1.3253   1.3854   1.9952   2.3991   2.7366
    3.3210   3.1886   2.1707   1.1320   1.2066   1.7268   2.1414   2.4402

    min_rhcp_gain =  1.1320
    cost =  0.88340

recess_depth = 6e-3:

    s11_db =

    -10.5147  -10.9380  -11.3485  -11.4668  -11.2451  -10.8977  -10.5571  -10.2551   -9.9592   -9.6163   -9.2023

    vswr =

    1.8491   1.7927   1.7426   1.7288   1.7548   1.7979   1.8433   1.8863   1.9313   1.9874   2.0611

    max_vswr =  2.0611
    rhcp_gain =

    7.5068   7.5068   7.5068   7.5068   7.5068   7.5068   7.5068   7.5068
    7.6545   7.5979   7.4558   7.3338   7.3119   7.3857   7.5063   7.6176
    7.7483   7.6452   7.3412   7.0937   7.0737   7.2237   7.4370   7.6551
    7.7854   7.6462   7.1663   6.7939   6.7970   7.0225   7.3002   7.6187
    7.7641   7.5987   6.9363   6.4431   6.4868   6.7844   7.0989   7.5099
    7.6847   7.5011   6.6579   6.0517   6.1493   6.5115   6.8383   7.3328
    7.5491   7.3527   6.3393   5.6305   5.7912   6.2066   6.5255   7.0935
    7.3615   7.1540   5.9900   5.1906   5.4200   5.8729   6.1695   6.7997
    7.1275   6.9063   5.6198   4.7426   5.0434   5.5143   5.7808   6.4606
    6.8540   6.6127   5.2385   4.2961   4.6691   5.1351   5.3709   6.0860
    6.5484   6.2772   4.8545   3.8594   4.3033   4.7405   4.9509   5.6859
    6.2177   5.9049   4.4752   3.4394   3.9508   4.3357   4.5314   5.2700
    5.8681   5.5023   4.1058   3.0413   3.6146   3.9267   4.1213   4.8473
    5.5051   5.0763   3.7503   2.6691   3.2956   3.5195   3.7279   4.4256
    5.1333   4.6345   3.4111   2.3253   2.9937   3.1202   3.3560   4.0119
    4.7572   4.1848   3.0902   2.0113   2.7077   2.7345   3.0087   3.6115
    4.3808   3.7347   2.7891   1.7274   2.4366   2.3678   2.6877   3.2290
    4.0086   3.2918   2.5091   1.4732   2.1799   2.0247   2.3935   2.8674
    3.6452   2.8630   2.2514   1.2476   1.9379   1.7088   2.1256   2.5291
    3.2948   2.4547   2.0169   1.0493   1.7115   1.4229   1.8832   2.2155

    min_rhcp_gain =  1.0493
    cost =  0.95300

recess_depth = 12e-3:
    s11_db =

    -10.8584  -11.1360  -11.3999  -11.2069  -10.7949  -10.4425  -10.2003  -10.0370   -9.8702   -9.6015   -9.1685

    vswr =

    1.8030   1.7680   1.7366   1.7594   1.8112   1.8593   1.8944   1.9192   1.9455   1.9899   2.0675

    max_vswr =  2.0675
    rhcp_gain =

    6.3431   6.3431   6.3431   6.3431   6.3431   6.3431   6.3431   6.3431
    6.3581   6.3827   6.3701   6.3364   6.2979   6.2705   6.2766   6.3195
    6.3461   6.3900   6.3540   6.2933   6.2276   6.1657   6.1695   6.2619
    6.3061   6.3637   6.2949   6.2140   6.1324   6.0293   6.0244   6.1713
    6.2372   6.3023   6.1942   6.0992   6.0126   5.8618   5.8450   6.0492
    6.1394   6.2043   6.0545   5.9502   5.8687   5.6640   5.6358   5.8975
    6.0134   6.0688   5.8796   5.7685   5.7016   5.4368   5.4020   5.7182
    5.8610   5.8951   5.6744   5.5560   5.5134   5.1821   5.1494   5.5138
    5.6850   5.6836   5.4443   5.3150   5.3066   4.9022   4.8838   5.2867
    5.4885   5.4355   5.1948   5.0480   5.0844   4.5999   4.6109   5.0391
    5.2744   5.1531   4.9309   4.7582   4.8498   4.2791   4.3358   4.7736
    5.0454   4.8400   4.6566   4.4493   4.6055   3.9442   4.0622   4.4925
    4.8032   4.5009   4.3752   4.1257   4.3529   3.6004   3.7930   4.1987
    4.5489   4.1420   4.0891   3.7926   4.0931   3.2536   3.5298   3.8955
    4.2836   3.7702   3.8005   3.4558   3.8263   2.9102   3.2733   3.5864
    4.0087   3.3930   3.5115   3.1211   3.5531   2.5765   3.0239   3.2758
    3.7264   3.0178   3.2250   2.7941   3.2746   2.2585   2.7819   2.9679
    3.4401   2.6519   2.9442   2.4800   2.9932   1.9610   2.5477   2.6669
    3.1541   2.3014   2.6728   2.1829   2.7125   1.6881   2.3220   2.3769
    2.8729   1.9717   2.4143   1.9062   2.4367   1.4423   2.1059   2.1011

    min_rhcp_gain =  1.4423
    cost =  0.69332

recess_depth = 15e-3:
